%-------------------------------------------------------------------------------
\clearpage
\section{Minuit Output}
\label{app:minuitOutput}
%-------------------------------------------------------------------------------
This appendix contains the TMinuit results from the likelihood fit to data in the eight-channel combination region.

alpha\_0 = N0\\
alpha\_1 = NL\\
alpha\_2 = NR\\
alpha\_3 = WLight\_4incl\\
alpha\_4 = Wc\_4incl\\
alpha\_5 = Wbbcc\_4incl\\
alpha\_6 = QCD\_4incl\_1excl\_el\\
alpha\_7 = QCD\_4incl\_1excl\_mu\\
alpha\_8 = QCD\_4incl\_2incl\_el\\
alpha\_9 = QCD\_4incl\_2incl\_mu\\
alpha\_10 = RemBkg\_4incl\\


 \begin{table}[!ht]
 %\scriptsize
 \centering
 \begin{tabular}{c c c c c c}

    NO. & NAME    &     VALUE   &   STEP SIZE  &  LIMITS \\ \hline
     1 & alpha\_0   &  1.58371e+06      & 1.00000e-03  &  no limits \\ 
     2 & alpha\_1   &  7.58413e+05      & 1.00000e-03  &   no limits\\
     3 & alpha\_2   &  -9.06167e+03     & 1.00000e-03  &   no limits\\
     4 & alpha\_3   &  2.97651e+03      & 1.00000e-03  &  no limits \\ 
     5 & alpha\_4   &  1.45996e+03      & 1.00000e-03  &  no limits \\ 
     6 & alpha\_5   &  1.41026e+04      & 1.00000e-03  &  no limits \\ 
     7 & alpha\_6   &  3.30072e+03      & 1.00000e-03  &  no limits \\ 
     8 & alpha\_7   &  3.45745e+03      & 1.00000e-03  &  no limits \\ 
     9 & alpha\_8   &  9.58823e+02      & 1.00000e-03  &  no limits \\ 
    10 & alpha\_9   &  4.16282e+02      & 1.00000e-03  &  no limits \\ 
    11 & alpha\_10  &  1.69053e+04     & 1.00000e-03  &  no limits \\ \hline
    
    
    \end{tabular}
    \caption{PARAMETER DEFINITIONS}
    \end{table}
  
\begin{table}[!ht]
%\scriptsize
\centering
\begin{tabular}{c c c c c c}

  NO. &  NAME    &  VALUE      &      CURRENT GUESS ERROR     &     STEP SIZE    &  FIRST DERIVATIVE \\  \hline
   1 & alpha\_0 &     1.58371e+06 &  1.00000e-03 &     1.00000e-03  &   -5.45743e-02 \\
   2 & alpha\_1 &     7.58413e+05 &  1.00000e-03 &     1.00000e-03  &   -4.24938e-02 \\
   3 & alpha\_2 &    -9.06167e+03 &  1.00000e-03 &     1.00000e-03  & -5.45710e-02 \\
   4 & alpha\_3 &     2.97651e+03 &  1.00000e-03 &     1.00000e-03  &   -3.80099e-01 \\
   5 & alpha\_4 &     1.45996e+03 &  1.00000e-03 &     1.00000e-03  &   -3.99087e-01 \\
   6 & alpha\_5 &     1.41026e+04 &  1.00000e-03 &     1.00000e-03  &   -4.10324e-01 \\
   7 & alpha\_6 &     3.30072e+03 &  1.00000e-03 &     1.00000e-03  &   -3.70956e-01 \\
   8 & alpha\_7 &     3.45745e+03 &  1.00000e-03 &     1.00000e-03  &   -3.94682e-01 \\
   9 & alpha\_8 &     9.58823e+02 &  1.00000e-03 &     1.00000e-03  &   -5.22603e-01 \\
  10 & alpha\_9 &     4.16282e+02 &  1.00000e-03 &    1.00000e-03   &   -5.11731e-01 \\
  11 & alpha\_10 &    1.69053e+04  & 1.00000e-03 &   1.00000e-03    & -4.21242e-01 \\ \hline

 \end{tabular}
  \caption{FIRST CALL TO USER FUNCTION AT NEW START POINT, WITH IFLAG=4.\\
 START MIGRAD MINIMIZATION.  STRATEGY  1.  CONVERGENCE WHEN EDM .LT. 1.00e-05\\
 FCN=14129.7 FROM MIGRAD    STATUS=INITIATE       44 CALLS          45 TOTAL\\
                     EDM= unknown      STRATEGY= 1      NO ERROR MATRIX       \\}
\end{table}

 
  \begin{table}[!ht]
  %\scriptsize
  \centering
  \begin{tabular}{c c c c c c}
                                                \\
  NO. &  NAME    &  VALUE        &    ERROR      &    STEP SIZE   &   FIRST DERIVATIVE \\  \hline
   1 &  alpha\_0  &   1.94480e+06 &  1.95822e+04 &  7.20112e+01 &  -6.23069e-08 \\
   2 &  alpha\_1  &   9.09959e+05 &  1.58091e+04 &  7.89821e+01 &  -9.15636e-08 \\
   3 &  alpha\_2  &   3.18388e+04 &  1.15804e+04 &  6.69227e+01 &  -4.20827e-08 \\
   4 &  alpha\_3  &   2.83707e+03 &  1.42554e+02 &  2.60039e+00 &  -2.56456e-06 \\
   5 &  alpha\_4  &   4.25485e+03 &  1.03014e+03 &  7.88877e+00 &  -3.71615e-07 \\
   6 &  alpha\_5  &   1.49325e+04 &  9.37605e+02 &  8.48074e+00 &  -4.24240e-07 \\
   7 &  alpha\_6  &   2.37641e+03 &  5.34195e+02 &  5.23037e+00 &   1.05268e-06 \\
   8 &  alpha\_7  &   2.53292e+03 &  5.48250e+02 &  5.59218e+00 &  -7.79876e-07 \\
   9 &  alpha\_8  &   1.43784e+03 &  2.00360e+02 &  3.29801e+00 &  -3.46208e-06 \\
  10 &  alpha\_9  &  5.88769e+02 &  1.74124e+02 &  2.95133e+00 &  -2.93497e-08 \\
  11 &  alpha\_10  & 1.30325e+04  & 1.94231e+03  & 1.03980e+01  & -3.32085e-07 \\ \hline
 \end{tabular}
 \caption{MIGRAD MINIMIZATION HAS CONVERGED.\\
 FCN=1534.32 FROM MIGRAD    STATUS=CONVERGED     561 CALLS         562 TOTAL\\
 EDM=5.88431e-07    STRATEGY= 1      ERROR MATRIX ACCURATE\\}
\end{table}

 
 \begin{sidewaystable}[!ht]
 \scriptsize
 \centering
 \begin{tabular}{c c c c c c c c c c c}
  3.835e+08 & \\
 -2.230e+08 &  2.499e+08 & \\
 -1.533e+08 &  9.268e+07 &  1.341e+08 & \\
  5.628e+02 &  2.445e+03 &  1.276e+04 &  2.032e+04 & \\
  3.489e+05 &  2.185e+06 & -3.189e+05 & -6.412e+03 &  1.061e+06 & \\
  6.366e+05 & -8.835e+05 & -1.104e+06 & -3.536e+03 & -2.676e+05 &  8.791e+05 & \\
  2.902e+06 & -1.279e+06 & -6.470e+04 & -2.574e+03 & -1.844e+05 & -7.223e+04 &  2.854e+05 & \\
  2.258e+06 & -1.939e+06 & -1.899e+05 & -3.808e+03 & -2.471e+05 & -1.335e+05 &  2.009e+05 &  3.006e+05 & \\
  7.341e+05 & -7.995e+05 & -7.428e+05 &  2.144e+02 &  1.951e+04 &  1.976e+03 &  1.619e+04 &  1.605e+04 &  4.014e+04 & \\
  3.289e+05 & -5.550e+05 & -5.967e+05 &  6.090e+01 &  1.406e+04 & -7.234e+03 &  6.649e+03 &  9.601e+03 &  7.845e+03 &  3.032e+04 & \\
 -1.195e+07 & -4.008e+06 & -3.270e+06 & -5.984e+03 & -5.989e+05 & -2.526e+05 & -4.668e+05 & -2.017e+05 & -2.509e+04 &  2.376e+04 &  3.773e+06 \\ 
 
 \end{tabular}
 \caption{EXTERNAL ERROR MATRIX.    NDIM=  51    NPAR= 15    ERR DEF=1\\ ELEMENTS ABOVE DIAGONAL ARE NOT PRINTED.}
 \end{sidewaystable}

  %\begin{sidewaystable}[!ht]
  %\scriptsize
  %\centering
  %\begin{tabular}{c c c c c c c c c c c c c c c c c}
%      
      %PARAMETER & \multicolumn{16}{c}{CORRELATION COEFFICIENTS}  \\ \hline
       %NO. & GLOBAL  &    1   &   2   &   3   &   4    &  5    &  6    &  7   &   8   &   9   &  10   &  11   &  12   &  13  &   14   &  15\\ 
        %1 &  0.97180 &   1.000  & -0.751  & -0.736  &  0.028  &  0.010  &  0.049 &   0.035  &  0.035 &   0.052 &  0.008 &   0.251 &   0.031 &  0.114 &   0.118 & -0.044\\ 
        %2 &  0.94404 &  -0.751  &  1.000  &  0.487  &  0.026  & -0.030  & -0.186 &  -0.242  &  0.154 &  -0.310 & -0.132 &  -0.121 &  -0.311 & -0.018 &  -0.167 & -0.101\\ 
        %3 &  0.93673 &  -0.736  &  0.487  &  1.000  & -0.032  & -0.124  & -0.242 &  -0.155  &  0.184 &  -0.306 & -0.112 &  -0.087 &  -0.308 & -0.009 &  -0.141 & -0.064\\ 
        %4 &  0.86090 &   0.028  &  0.026  & -0.032  &  1.000  &  0.012  &  0.756 &  -0.095  & -0.143 &  -0.063 & -0.188 &  -0.192 &  -0.025 & -0.025 &  -0.234 & -0.042\\ 
        %5 &  0.90050 &   0.010  & -0.030  & -0.124  &  0.012  &  1.000  &  0.077 &  -0.232  & -0.187 &   0.388 & -0.017 &   0.036 &   0.113 &  0.023 &   0.032 &  0.043\\ 
        %6 &  0.88542 &   0.049  & -0.186  & -0.242  &  0.756  &  0.077  &  1.000 &   0.085  & -0.333 &   0.208 & -0.058 &  -0.246 &   0.256 & -0.086 &  -0.147 &  0.085\\ 
        %7 &  0.94729 &   0.035  & -0.242  & -0.155  & -0.095  & -0.232  &  0.085 &   1.000  & -0.266 &   0.700 & -0.127 &   0.048 &   0.329 &  0.060 &  -0.088 &  0.120\\ 
        %8 &  0.80521 &   0.035  &  0.154  &  0.184  & -0.143  & -0.187  & -0.333 &  -0.266  &  1.000 &  -0.377 & -0.110 &   0.614 &  -0.422 & -0.341 &  -0.158 & -0.310\\ 
        %9 &  0.96886 &   0.052  & -0.310  & -0.306  & -0.063  &  0.388  &  0.208 &   0.700  & -0.377 &   1.000 & -0.050 &   0.052 &   0.470 &  0.043 &   0.003 & -0.090\\ 
       %10 &  0.77628 &   0.008  & -0.132  & -0.112  & -0.188  & -0.017  & -0.058 &  -0.127  & -0.110 &  -0.050 &  1.000 &   0.029 &   0.271 &  0.139 &  -0.353 &  0.074\\ 
       %11 &  0.89538 &   0.251  & -0.121  & -0.087  & -0.192  &  0.036  & -0.246 &   0.048  &  0.614 &   0.052 &  0.029 &   1.000 &  -0.213 & -0.419 &  -0.403 & -0.195\\ 
       %12 &  0.76124 &   0.031  & -0.311  & -0.308  & -0.025  &  0.113  &  0.256 &   0.329  & -0.422 &   0.470 &  0.271 &  -0.213 &   1.000 & -0.186 &   0.135 &  0.151\\ 
       %13 &  0.81256 &   0.114  & -0.018  & -0.009  & -0.025  &  0.023  & -0.086 &   0.060  & -0.341 &   0.043 &  0.139 &  -0.419 &  -0.186 &  1.000 &  -0.082 & -0.102\\ 
       %14 &  0.83584 &   0.118  & -0.167  & -0.141  & -0.234  &  0.032  & -0.147 &  -0.088  & -0.158 &   0.003 & -0.353 &  -0.403 &   0.135 & -0.082 &   1.000 & -0.015\\ 
       %15 &  0.79762 &  -0.044  & -0.101  & -0.064  & -0.042  &  0.043  &  0.085 &   0.120  & -0.310 &  -0.090 &  0.074 &  -0.195 &   0.151 & -0.102 &  -0.015 &  1.000\\  \hline
%
 %\end{tabular}
 %\caption{CORRELATION COEFFICIENTS}
%\end{sidewaystable}

\begin{figure}[!ht]
\begin{center}

    \includegraphics[height=140mm]{figures/appendixMinuit/correlation1_new.png}

  \caption{MIGRAD CORRELATION COEFFICIENTS.}

  \label{correlationMatrix}
\end{center}
\end{figure}

  
\begin{sidewaystable}[!ht]
%\scriptsize
\centering
\begin{tabular}{c c c c c c}
  
  NO.  & NAME    &  VALUE        &    ERROR    &   INTERNAL STEP SIZE  &     INTERNAL VALUE   \\ \hline
   1 &  alpha\_0   &   1.94480e+06  & 1.95974e+04  &  1.44022e+01  & 1.94480e+06 \\ 
   2 &  alpha\_1   &   9.09959e+05  & 1.58178e+04  &  1.57964e+01  & 9.09959e+05 \\ 
   3 &  alpha\_2   &   3.18388e+04  & 1.15868e+04  &  1.33845e+01  & 3.18388e+04 \\ 
   4 &  alpha\_3   &   2.83707e+03  & 1.42555e+02  &  5.20078e-01  & 2.83707e+03 \\ 
   5 &  alpha\_4   &   4.25485e+03  & 1.03063e+03  &  1.57775e+00  & 4.25485e+03 \\ 
   6 &  alpha\_5   &   1.49325e+04  & 9.37844e+02  &  1.69615e+00  & 1.49325e+04 \\ 
   7 &  alpha\_6   &   2.37641e+03  & 5.34515e+02  &  1.04607e+00  & 2.37641e+03 \\ 
   8 &  alpha\_7   &   2.53292e+03  & 5.48530e+02  &  1.11844e+00  & 2.53292e+03 \\ 
   9 &  alpha\_8   &   1.43784e+03  & 2.00384e+02  &  6.59602e-01  & 1.43784e+03 \\ 
  10 &  alpha\_9  &    5.88769e+02 &  1.74138e+02 &   1.18053e-01 &  5.88769e+02 \\ 
  11 &  alpha\_10  &    1.30325e+04 &  1.94364e+03 &   2.07959e+00 &  1.30325e+04 \\ \hline

 \end{tabular}
 \caption{\\ COVARIANCE MATRIX CALCULATED SUCCESSFULLY\\
 FCN=1534.32 FROM HESSE     STATUS=OK            100 CALLS         662 TOTAL\\
                     EDM=5.88707e-07    STRATEGY= 1      ERROR MATRIX ACCURATE \\}
\end{sidewaystable}
 
 \begin{sidewaystable}[!ht]
 \scriptsize
 \centering
 \begin{tabular}{c c c c c c c c c c c}
   3.841e+08 & \\
 -2.233e+08 &  2.502e+08 & \\
 -1.536e+08 &  9.287e+07 &  1.343e+08 & \\
  5.326e+02 &  2.475e+03 &  1.278e+04 &  2.032e+04 & \\
  3.486e+05 &  2.190e+06 & -3.183e+05 & -6.412e+03 &  1.062e+06 & \\
  6.382e+05 & -8.842e+05 & -1.105e+06 & -3.535e+03 & -2.677e+05 &  8.796e+05 & \\
  2.910e+06 & -1.282e+06 & -6.581e+04 & -2.575e+03 & -1.846e+05 & -7.228e+04 &  2.857e+05 & \\
  2.265e+06 & -1.943e+06 & -1.912e+05 & -3.810e+03 & -2.474e+05 & -1.336e+05 &  2.012e+05 &  3.009e+05 & \\
  7.361e+05 & -8.008e+05 & -7.438e+05 &  2.141e+02 &  1.951e+04 &  1.973e+03 &  1.621e+04 &  1.607e+04 &  4.015e+04 & \\
  3.299e+05 & -5.559e+05 & -5.974e+05 &  6.067e+01 &  1.406e+04 & -7.242e+03 &  6.658e+03 &  9.612e+03 &  7.851e+03 &  3.032e+04 & \\
 -1.197e+07 & -4.007e+06 & -3.271e+06 & -5.983e+03 & -5.996e+05 & -2.527e+05 & -4.677e+05 & -2.021e+05 & -2.516e+04 &  2.377e+04 &  3.778e+06 \\

 \end{tabular}
 \caption{EXTERNAL ERROR MATRIX. NDIM=  51    NPAR= 15    ERR DEF=1\\ ELEMENTS ABOVE DIAGONAL ARE NOT PRINTED.}
 \end{sidewaystable}
 

 %\begin{sidewaystable}[!ht]
 %\scriptsize
 %\centering
  %\begin{tabular}{c c c c c c c c c c c c c c c c c}
%      
      %PARAMETER & \multicolumn{16}{c}{CORRELATION COEFFICIENTS}  \\ \hline
       %NO. & GLOBAL   &   1   &   2   &   3    &  4  &    5     & 6    &  7   &   8   &   9  &   10  &   11  &   12    & 13  &   14   &  15\\ 
        %1 &  0.00010 &  1.000 & -0.000 & -0.000 &  0.000 &  -0.000  & -0.000 &  -0.000 & -0.000 &  -0.000 &  -0.000 &  0.000 &  -0.000 &   0.000 &  -0.000 &  -0.000\\ 
        %2 &  0.00008 & -0.000 &  1.000 & -0.000 &  0.000 &  -0.000  & -0.000 &  -0.000 & -0.000 &  -0.000 &  -0.000 & -0.000 &  -0.000 &   0.000 &  -0.000 &  -0.000\\ 
        %3 &  0.00011 & -0.000 & -0.000 &  1.000 &  0.000 &  -0.000  & -0.000 &  -0.000 & -0.000 &  -0.000 &  -0.000 &  0.000 &  -0.000 &   0.000 &  -0.000 &  -0.000\\ 
        %4 &  0.62528 &  0.000 &  0.000 &  0.000 &  1.000 &   0.000  &  0.621 &   0.000 &  0.021 &  -0.000 &   0.002 & -0.000 &   0.002 &   0.000 &   0.001 &  -0.000\\ 
        %5 &  0.50334 & -0.000 & -0.000 & -0.000 &  0.000 &   1.000  &  0.000 &  -0.082 & -0.000 &   0.211 &  -0.000 &  0.001 &   0.000 &   0.001 &   0.000 &   0.004\\ 
        %6 &  0.62798 & -0.000 & -0.000 & -0.000 &  0.621 &   0.000  &  1.000 &   0.000 & -0.072 &   0.000 &  -0.007 & -0.000 &  -0.026 &   0.000 &  -0.005 &   0.000\\ 
        %7 &  0.85993 & -0.000 & -0.000 & -0.000 &  0.000 &  -0.082  &  0.000 &   1.000 & -0.000 &   0.788 &  -0.000 &  0.002 &   0.000 &   0.003 &   0.000 &   0.022\\ 
        %8 &  0.11296 & -0.000 & -0.000 & -0.000 &  0.021 &  -0.000  & -0.072 &  -0.000 &  1.000 &  -0.000 &  -0.000 &  0.000 &  -0.018 &  -0.000 &  -0.000 &   0.000\\ 
        %9 &  0.87440 & -0.000 & -0.000 & -0.000 & -0.000 &   0.211  &  0.000 &   0.788 & -0.000 &   1.000 &  -0.000 & -0.005 &   0.000 &   0.004 &   0.000 &  -0.240\\ 
       %10 &  0.01096 & -0.000 & -0.000 & -0.000 &  0.002 &  -0.000  & -0.007 &  -0.000 & -0.000 &  -0.000 &   1.000 & -0.000 &   0.000 &   0.000 &  -0.000 &  -0.000\\ 
       %11 &  0.01416 &  0.000 & -0.000 &  0.000 & -0.000 &   0.001  & -0.000 &   0.002 &  0.000 &  -0.005 &  -0.000 &  1.000 &   0.000 &  -0.000 &  -0.000 &  -0.000\\ 
       %12 &  0.04196 & -0.000 & -0.000 & -0.000 &  0.002 &   0.000  & -0.026 &   0.000 & -0.018 &   0.000 &   0.000 &  0.000 &   1.000 &   0.000 &  -0.003 &   0.000\\ 
       %13 &  0.00422 &  0.000 &  0.000 &  0.000 &  0.000 &   0.001  &  0.000 &   0.003 & -0.000 &   0.004 &   0.000 & -0.000 &   0.000 &   1.000 &   0.000 &   0.001\\ 
       %14 &  0.00841 & -0.000 & -0.000 & -0.000 &  0.001 &   0.000  & -0.005 &   0.000 & -0.000 &   0.000 &  -0.000 & -0.000 &  -0.003 &   0.000 &   1.000 &  -0.000\\ 
       %15 &  0.47224 & -0.000 & -0.000 & -0.000 & -0.000 &   0.004  &  0.000 &   0.022 &  0.000 &  -0.240 &  -0.000 & -0.000 &   0.000 &   0.001 &  -0.000 &   1.000\\ \hline
%
 %\end{tabular}
 %\caption{CORRELATION COEFFICIENTS}
 %\end{sidewaystable}

 \begin{figure}[!ht]
\begin{center}

    \includegraphics[height=140mm]{figures/appendixMinuit/correlation2_new.png}

  \caption{HESSE CORRELATION COEFFICIENTS.}

  \label{correlationMatrix}
\end{center}
\end{figure}

